2022-12-30	-0.005844	0.007457	0.011307	-0.007509	-0.941055	3680400.000000
2022-12-22	0.006535	0.007390	0.016850	0.005274	1.050018	3606000.000000
2022-12-15	-0.010676	0.003566	0.007975	-0.008313	-1.743423	5268300.000000
2022-12-08	0.003567	0.009506	0.014572	0.002670	0.584442	4274400.000000
2022-12-01	0.002792	0.008379	0.022158	0.001990	0.445770	5827800.000000
2022-11-23	-0.002503	0.010517	0.016771	0.003378	-0.396240	3221100.000000
2022-11-16	-0.007645	0.012145	0.033583	-0.002433	-1.158981	7358700.000000
2022-11-09	-0.006127	0.009914	0.023371	-0.000621	-0.901428	4573700.000000
2022-11-02	-0.016268	0.010331	0.017546	-0.007192	-2.367493	5345000.000000
2022-10-26	0.017955	0.017524	0.030192	0.015436	2.664658	4727900.000000
2022-10-19	-0.010166	0.010902	0.015440	-0.006481	-1.456161	3333300.000000
2022-10-12	-0.010812	0.020715	0.030948	0.008392	-1.500336	4528000.000000
2022-10-05	0.009437	0.016044	0.037590	0.013458	1.314011	4777900.000000
2022-09-28	0.020322	0.037768	0.045683	0.026254	2.824158	5226700.000000
2022-09-21	-0.010298	0.022512	0.033158	0.009132	-1.431702	5076100.000000
2022-09-14	0.007363	0.024490	0.033839	0.017864	1.000214	4673600.000000
2022-09-07	0.008140	0.019482	0.030525	0.003102	1.098297	4141700.000000
2022-08-30	-0.001179	0.015495	0.025639	0.013616	-0.156891	4337100.000000
2022-08-23	-0.009406	0.014764	0.023484	0.006044	-1.294403	3768100.000000
2022-08-16	0.001827	0.018488	0.031890	0.018273	0.254974	3852300.000000
2022-08-09	-0.000641	0.022249	0.033585	0.016436	-0.088257	3819700.000000
2022-08-02	0.001212	0.026760	0.038833	0.018906	0.166702	5197100.000000
2022-07-26	0.004327	0.026092	0.042452	0.020525	0.637390	4900600.000000
2022-07-19	0.001137	0.022710	0.024278	0.014528	0.166702	5647100.000000
2022-07-12	-0.005025	0.027772	0.038319	0.021458	-0.748062	5319500.000000
2022-07-05	0.000845	0.016601	0.030990	0.001610	0.126297	5478800.000000
2022-06-27	0.005251	0.004332	0.020415	0.002691	0.800003	5377300.000000
2022-06-17	-0.006252	-0.011139	0.002731	-0.014085	-0.869995	10425700.000000
2022-06-10	-0.015334	-0.007495	-0.005501	-0.022554	-2.229996	5464700.000000
2022-06-03	0.002862	0.000000	0.009949	0.000000	0.419998	4891300.000000
2022-05-26	-0.009147	-0.002172	0.007305	-0.010332	-1.389999	6659300.000000
2022-05-19	-0.004658	-0.008069	-0.000197	-0.020665	-0.709991	5994800.000000
2022-05-12	0.015333	0.009345	0.015728	-0.011911	2.329987	6914800.000000
2022-05-05	0.003892	0.007784	0.011412	-0.010225	0.589996	6869300.000000
2022-04-28	-0.008311	0.004695	0.005202	-0.020810	-1.309998	7465000.000000
2022-04-21	0.011615	0.001915	0.023484	-0.008615	1.820007	7903300.000000
2022-04-13	-0.049967	-0.013807	-0.013807	-0.064909	-8.360001	18312600.000000
2022-04-06	0.033531	0.006486	0.035734	0.002264	5.480011	8810800.000000
2022-03-30	0.009681	-0.002836	0.013380	-0.002836	1.570007	5151800.000000
2022-03-23	-0.009937	0.000000	0.007312	-0.010312	-1.589996	6300600.000000
2022-03-16	0.001091	0.003977	0.006030	-0.015140	0.169998	7178900.000000
2022-03-09	0.011485	0.007543	0.020116	0.004145	1.690002	5368900.000000
2022-03-02	0.012729	0.000068	0.024105	-0.003182	1.880005	8247200.000000
2022-02-23	0.008244	0.004534	0.019167	-0.001374	1.199997	9271000.000000
2022-02-15	0.012308	0.002448	0.017203	0.001399	1.759995	9530100.000000
2022-02-08	0.006876	-0.003508	0.007507	-0.008981	0.979996	7559500.000000
2022-02-01	0.000804	0.003506	0.006940	-0.006209	0.110001	7413900.000000
2022-01-25	0.007037	-0.005070	0.016344	-0.010366	0.929993	10296500.000000
2022-01-18	0.006698	-0.002650	0.015530	-0.004342	0.910004	12341900.000000
2022-01-10	0.011195	0.011875	0.025508	0.008055	1.494492	9794400.000000
2022-01-03	0.000148	0.010452	0.012616	-0.003727	0.019806	6839800.000000
2021-12-27	0.009918	0.011136	0.020929	0.010908	1.306458	4436800.000000
2021-12-17	-0.017074	0.003170	0.004550	-0.008101	-2.226898	12631100.000000
2021-12-10	0.010632	0.006877	0.025514	0.006877	1.306442	7059500.000000
2021-12-03	0.016942	0.017898	0.028791	0.011501	1.959656	6428100.000000
2021-11-26	-0.018119	0.001436	0.005694	-0.013720	-2.127922	5016700.000000
2021-11-18	-0.002386	0.010893	0.019159	0.004264	-0.277122	3160300.000000
2021-11-11	-0.001028	0.012021	0.016781	0.006396	-0.118767	3120900.000000
2021-11-04	-0.004338	0.010377	0.011666	-0.000280	-0.504761	4912200.000000
2021-10-28	0.011716	0.010284	0.024358	0.008513	1.256958	5193300.000000
2021-10-21	0.003228	0.010377	0.015410	-0.001366	0.346405	4811800.000000
2021-10-14	0.015667	0.017255	0.026960	0.015748	1.662758	7289500.000000
2021-10-07	0.014179	0.026929	0.045732	0.024871	1.515701	7842600.000000
2021-09-30	-0.008912	0.026009	0.037471	0.012667	-0.948524	7886400.000000
2021-09-23	0.008928	0.028200	0.040501	0.024933	0.928978	5847800.000000
2021-09-16	0.002877	0.027086	0.031925	0.010860	0.303146	5821800.000000
2021-09-09	-0.027999	0.014101	0.016881	-0.006655	-3.021645	10337100.000000
2021-09-01	-0.070459	0.024489	0.028976	-0.101667	-8.321709	50943200.000000
2021-08-25	0.006016	0.024164	0.037323	0.015705	0.704071	5241100.000000
2021-08-18	-0.019806	0.018438	0.024848	0.001432	-2.317566	5586900.000000
2021-08-11	-0.009580	0.025654	0.027257	0.011315	-1.075661	6840400.000000
2021-08-04	-0.010065	0.018492	0.025001	0.010838	-1.144112	4602000.000000
2021-07-28	0.005002	0.019765	0.031035	0.016904	0.576950	5650400.000000
2021-07-21	0.008100	0.027825	0.031614	0.020335	0.919197	4133800.000000
2021-07-14	0.006432	0.024906	0.030870	0.020697	0.733398	6543400.000000
2021-07-07	0.008814	0.035635	0.045106	0.030274	0.986427	6695100.000000
2021-06-29	-0.006195	0.030824	0.031739	0.021307	-0.676964	5795100.000000
2021-06-22	-0.000261	0.031864	0.038984	0.026366	-0.029015	4359900.000000
2021-06-15	0.003726	0.033668	0.038865	0.026141	0.415855	3590500.000000
2021-06-08	-0.005929	0.031007	0.034758	0.023138	-0.647964	4114200.000000
2021-06-01	-0.008746	0.038594	0.041243	0.023431	-0.957420	6846200.000000
2021-05-24	-0.001808	0.038212	0.040171	0.029307	-0.203087	4821300.000000
2021-05-17	0.003951	0.037046	0.045394	0.035181	0.444862	6183200.000000
2021-05-10	0.004060	0.039655	0.046980	0.035992	0.454536	7093300.000000
2021-05-03	0.028520	0.042373	0.067412	0.034861	3.075363	9138200.000000
2021-04-26	0.000090	0.035698	0.040154	0.029106	0.009666	5202300.000000
2021-04-19	0.006487	0.034602	0.041884	0.026457	0.676971	4542900.000000
2021-04-12	0.006602	0.049324	0.056623	0.044847	0.678391	5647500.000000
2021-04-05	-0.021931	0.052000	0.052000	0.016509	-2.274025	10584400.000000
2021-03-26	0.020216	0.046498	0.069167	0.046196	2.006500	6596900.000000
2021-03-19	-0.003373	0.048213	0.053256	0.038026	-0.334404	10899100.000000
2021-03-12	0.003245	0.045920	0.053488	0.041748	0.334427	5341200.000000
2021-03-05	0.009939	0.050165	0.059873	0.030947	1.003258	7277800.000000
2021-02-26	0.003820	0.050012	0.058788	0.027389	0.391739	9250000.000000
2021-02-19	-0.009900	0.048277	0.052914	0.035251	-1.003242	6702400.000000
2021-02-11	-0.002883	0.051829	0.052936	0.039256	-0.286644	5090100.000000
2021-02-04	0.014773	0.045816	0.065486	0.029963	1.509651	9077800.000000
2021-01-28	0.013815	0.058919	0.070526	0.049857	1.356773	8534300.000000
2021-01-21	-0.012076	0.046692	0.047807	0.029314	-1.299446	5417000.000000
2021-01-13	0.024321	0.059033	0.093852	0.058068	2.521622	9821300.000000
2021-01-06	-0.008639	0.041441	0.065700	0.035774	-0.868881	11017500.000000
2020-12-29	0.012083	0.063957	0.078492	0.063957	1.180519	5096400.000000
2020-12-21	-0.007085	0.041708	0.053467	0.029442	-0.698875	6664600.000000
2020-12-14	-0.020124	0.069693	0.076066	0.036436	-2.021088	8272700.000000
2020-12-07	-0.013423	0.056471	0.058149	0.035942	-1.359978	6532500.000000
2020-11-30	-0.002955	0.061162	0.064190	0.046322	-0.292770	20726500.000000
2020-11-20	0.011739	0.061814	0.081787	0.047685	1.104973	9682500.000000
2020-11-13	0.014754	0.056779	0.079995	0.056670	1.359978	6888600.000000
2020-11-06	-0.008966	0.050816	0.058388	0.036463	-0.793320	7006900.000000
2020-10-30	0.054915	0.092047	0.130637	0.089422	4.183823	18089100.000000
2020-10-23	0.000356	0.062984	0.069389	0.054193	0.028336	4238700.000000
2020-10-16	0.012202	0.067039	0.082693	0.065424	0.982208	5358500.000000
2020-10-09	0.004122	0.074119	0.089971	0.073382	0.335426	6005800.000000
2020-10-02	-0.011705	0.065377	0.075846	0.059834	-0.950371	5554300.000000
2020-09-25	0.003725	0.074383	0.085127	0.067637	0.298149	9935600.000000
2020-09-18	0.005356	0.071583	0.083677	0.064039	0.447250	10076300.000000
2020-09-11	0.000558	0.075175	0.081520	0.065957	0.046585	8385800.000000
2020-09-03	-0.022139	0.072460	0.077372	0.040587	-1.938004	8921900.000000
2020-08-27	-0.000530	0.073032	0.081335	0.065524	-0.046600	5271500.000000
2020-08-20	-0.009365	0.066447	0.072477	0.057400	-0.838577	6798000.000000
2020-08-13	-0.008690	0.069101	0.073147	0.056403	-0.773346	6004200.000000
2020-08-06	-0.007292	0.074065	0.077863	0.056340	-0.633591	7269300.000000
2020-07-30	-0.009999	0.065515	0.070272	0.055558	-0.903793	6411500.000000
2020-07-23	0.003378	0.079191	0.086661	0.070513	0.307480	5127200.000000
2020-07-16	-0.005573	0.064821	0.070589	0.055421	-0.521774	4269200.000000
2020-07-09	-0.013497	0.084170	0.091830	0.059331	-1.233482	5817300.000000
2020-07-01	0.009778	0.089899	0.102735	0.078834	0.883698	6522900.000000
2020-06-24	-0.022300	0.076869	0.084684	0.053313	-1.997498	9025100.000000
2020-06-17	-0.003331	0.095293	0.098120	0.077424	-0.294563	6212200.000000
2020-06-10	0.007591	0.095621	0.122280	0.093475	0.671967	11138300.000000
2020-06-03	-0.001648	0.091490	0.091848	0.069175	-0.138069	8588400.000000
2020-05-27	-0.008047	0.084323	0.089832	0.060610	-0.671959	12529500.000000
2020-05-19	-0.002952	0.083864	0.088496	0.063674	-0.248543	9892500.000000
2020-05-12	0.029124	0.112312	0.139873	0.093403	2.356483	23492300.000000
2020-05-05	0.042878	0.100824	0.147670	0.096179	3.230988	10927000.000000
2020-04-28	-0.022789	0.099314	0.102778	0.056599	-1.776581	8341000.000000
2020-04-21	-0.043219	0.067216	0.073165	0.035009	-3.341438	9627500.000000
2020-04-14	0.038043	0.106954	0.137573	0.102423	2.770706	11072700.000000
2020-04-06	0.032166	0.138175	0.161017	0.112478	2.140465	10266500.000000
2020-03-30	0.035365	0.115457	0.156725	0.114698	2.330933	10671600.000000
2020-03-23	-0.062772	0.079490	0.085418	0.002109	-3.918152	19219000.000000
2020-03-16	-0.130022	0.020291	0.061361	-0.049708	-10.067490	20916000.000000
2020-03-09	-0.039968	0.042728	0.084189	0.023239	-3.219765	15806200.000000
2020-03-02	0.034768	0.106291	0.142052	0.074775	2.702797	12171100.000000
2020-02-24	-0.019166	0.070166	0.089905	0.069934	-1.650703	10705100.000000
