2022-12-30	-0.000603	0.005271	0.011345	-0.002018	-0.019871	28198900.000000
2022-12-22	-0.008874	0.001558	0.003406	-0.018461	-0.288132	30234400.000000
2022-12-15	-0.015799	-0.010040	-0.002556	-0.018146	-0.506714	49027600.000000
2022-12-08	-0.009163	0.013556	0.014171	-0.010730	-0.298069	45491100.000000
2022-12-01	-0.028700	0.003009	0.008091	-0.026413	-1.073040	46213200.000000
2022-11-23	0.003201	0.012370	0.016961	0.009130	0.118530	18934700.000000
2022-11-16	-0.009019	0.009953	0.013444	-0.001057	-0.335846	23813000.000000
2022-11-09	-0.015899	0.006096	0.008278	-0.007272	-0.582790	30164400.000000
2022-11-02	-0.003039	0.008734	0.042573	0.005379	-0.108658	57380600.000000
2022-10-26	0.008760	0.013228	0.032394	0.011226	0.306213	41104600.000000
2022-10-19	-0.027523	0.003663	0.010919	-0.019847	-0.948273	43139900.000000
2022-10-12	0.003023	0.007949	0.030734	0.002508	0.088898	36137900.000000
2022-10-05	-0.014206	-0.013893	0.001427	-0.016707	-0.454380	35791100.000000
2022-09-28	0.016356	0.011045	0.036876	0.006409	0.493889	38372900.000000
2022-09-21	-0.029851	0.016518	0.019185	-0.018739	-1.007534	51667800.000000
2022-09-14	-0.003824	0.018325	0.024876	-0.001327	-0.128414	32004400.000000
2022-09-07	0.015427	0.004715	0.031050	-0.000797	0.503769	40742600.000000
2022-08-30	0.005605	0.027457	0.030463	0.008219	0.186447	48194900.000000
2022-08-23	-0.008929	0.017573	0.026378	0.008474	-0.304207	26588000.000000
2022-08-16	0.010759	0.017354	0.038437	0.014824	0.382713	31870200.000000
2022-08-09	0.012840	0.023909	0.033342	0.016606	0.421967	40196900.000000
2022-08-02	-0.019875	0.015715	0.019343	-0.002422	-0.657478	37884100.000000
2022-07-26	-0.020160	0.009373	0.020551	-0.004223	-0.667294	30645700.000000
2022-07-19	0.033788	0.039257	0.062001	0.032308	1.069633	46874900.000000
2022-07-12	-0.003179	0.004788	0.037504	0.003492	-0.098131	39527000.000000
2022-07-05	-0.010139	-0.005499	0.008708	-0.016800	-0.314022	47411800.000000
2022-06-27	0.001238	0.003404	0.008975	-0.012380	0.039997	47900300.000000
2022-06-17	0.002198	0.005651	0.022920	-0.006593	0.070000	80470300.000000
2022-06-10	-0.038829	-0.024051	-0.013619	-0.043176	-1.340000	49318200.000000
2022-06-03	-0.013897	-0.005995	-0.000545	-0.015531	-0.510002	25235200.000000
2022-05-26	0.023158	0.024281	0.033822	0.019791	0.825245	60201200.000000
2022-05-19	-0.012328	-0.011253	0.004606	-0.012406	-0.427540	47002700.000000
2022-05-12	-0.014057	-0.010075	0.001801	-0.031281	-0.497135	61231500.000000
2022-05-05	-0.027965	-0.009084	-0.004918	-0.039815	-1.073811	48860600.000000
2022-04-28	0.015448	0.019077	0.025181	0.003263	0.556797	39567800.000000
2022-04-21	-0.018911	0.014382	0.019707	-0.020614	-0.745705	46245900.000000
2022-04-13	-0.008935	-0.011444	0.001651	-0.015038	-0.347996	45484200.000000
2022-04-06	-0.010962	-0.004263	0.002502	-0.014035	-0.437477	54159800.000000
2022-03-30	-0.010129	0.005760	0.010622	-0.010216	-0.437477	36601800.000000
2022-03-23	-0.024672	-0.004712	0.001890	-0.020420	-1.083755	48539300.000000
2022-03-16	0.031325	0.023694	0.043324	0.015938	1.292553	59477600.000000
2022-03-09	0.063488	0.050588	0.084469	0.046678	2.435970	78207900.000000
2022-03-02	0.016247	0.017103	0.036141	0.014247	0.682709	70834600.000000
2022-02-23	-0.017120	0.019329	0.022878	-0.011284	-0.771763	45704900.000000
2022-02-15	0.007803	0.023039	0.030925	0.013874	0.366093	42397600.000000
2022-02-08	0.017935	0.024011	0.042137	0.019636	0.860817	49560500.000000
2022-02-01	0.017339	0.012211	0.031706	0.005420	0.791550	40326600.000000
2022-01-25	0.019753	0.004779	0.033817	-0.005657	0.870708	73555300.000000
2022-01-18	-0.034440	0.009411	0.010888	-0.028560	-1.632572	65877400.000000
2022-01-10	-0.005083	0.025679	0.029173	-0.006585	-0.247360	66839500.000000
2022-01-03	0.037986	0.024307	0.056111	0.021809	1.672142	58587900.000000
2021-12-27	0.004953	0.013635	0.019778	0.008175	0.217674	33879200.000000
2021-12-17	-0.024889	-0.000552	0.003939	-0.020317	-1.108166	124242400.000000
2021-12-10	0.000674	0.015675	0.018401	0.001136	0.029678	37700200.000000
2021-12-03	-0.022722	0.013154	0.014730	-0.018366	-1.009224	74605300.000000
2021-11-26	-0.039261	-0.029447	-0.018359	-0.045864	-1.841385	55110100.000000
2021-11-18	-0.004085	0.019909	0.022092	0.008991	-0.187088	30639000.000000
2021-11-11	0.005505	0.017262	0.029733	0.010811	0.256020	31194800.000000
2021-11-04	-0.021501	0.010923	0.010923	-0.015741	-1.024086	47646300.000000
2021-10-28	0.015731	0.027416	0.036267	0.021155	0.728668	37209600.000000
2021-10-21	-0.005521	0.015757	0.023953	0.005190	-0.256020	36848600.000000
2021-10-14	0.044738	0.044497	0.061681	0.023546	1.900463	82201000.000000
2021-10-07	-0.002713	0.028167	0.030003	0.010721	-0.118168	46258800.000000
2021-09-30	-0.014395	0.022144	0.022144	-0.004264	-0.610504	47410800.000000
2021-09-23	0.038615	0.031228	0.059564	0.028445	1.526276	49779800.000000
2021-09-16	0.007723	0.024144	0.032493	0.017060	0.305256	42922000.000000
2021-09-09	0.003678	0.012553	0.029736	0.010063	0.147701	36266400.000000
2021-09-01	-0.013413	0.020746	0.021479	0.003143	-0.548615	52361900.000000
2021-08-25	0.016152	0.025175	0.044616	0.022222	0.656384	51219900.000000
2021-08-18	-0.007301	0.012797	0.031676	0.010064	-0.293907	50342500.000000
2021-08-11	0.012551	0.024934	0.039471	0.021978	0.509430	58458200.000000
2021-08-04	-0.007263	0.006977	0.026571	0.002476	-0.274311	42289800.000000
2021-07-28	0.003949	0.026390	0.034721	0.014564	0.146950	43331100.000000
2021-07-21	0.020430	0.030496	0.049995	0.028600	0.754349	49907400.000000
2021-07-14	-0.025088	0.001540	0.012807	-0.032263	-0.979675	105651700.000000
2021-07-07	-0.007986	0.008009	0.018963	0.002660	-0.313492	43499900.000000
2021-06-29	-0.016121	0.022465	0.030325	0.000852	-0.656384	38519600.000000
2021-06-22	0.005535	0.024084	0.033842	0.008677	0.215530	44113200.000000
2021-06-15	0.000725	0.018772	0.025682	0.009393	0.029388	39247900.000000
2021-06-08	-0.005566	0.014591	0.023587	0.004412	-0.235119	41871400.000000
2021-06-01	0.012503	0.038584	0.046564	0.034232	0.517056	42890700.000000
2021-05-24	0.005425	0.029394	0.034230	0.021417	0.224384	31390800.000000
2021-05-17	0.008971	0.022139	0.036900	0.020203	0.370716	32656400.000000
2021-05-10	-0.003082	0.032819	0.043512	0.021398	-0.126823	41271500.000000
2021-05-03	0.000740	0.033642	0.038194	0.022261	0.029270	41940500.000000
2021-04-26	0.005870	0.029490	0.042571	0.027659	0.224377	34699800.000000
2021-04-19	0.000511	0.031327	0.032374	0.021901	0.019508	42321100.000000
2021-04-12	0.001751	0.025043	0.035040	0.021454	0.068295	45544600.000000
2021-04-05	0.007850	0.038281	0.045549	0.027898	0.302418	50328500.000000
2021-03-26	0.027085	0.043824	0.054983	0.036475	0.995083	66846000.000000
2021-03-19	-0.010529	0.007932	0.024516	-0.012074	-0.399986	106252700.000000
2021-03-12	0.018797	0.043760	0.050917	0.034401	0.682896	46069600.000000
2021-03-05	0.011781	0.039927	0.055934	0.015775	0.419495	74292300.000000
2021-02-26	-0.033955	0.024400	0.033001	-0.005704	-1.184319	70933300.000000
2021-02-19	0.010237	0.030436	0.046404	0.029833	0.339764	54514100.000000
2021-02-11	-0.003032	0.029822	0.040442	0.016703	-0.097071	29479900.000000
2021-02-04	0.029132	0.037310	0.061123	0.036658	0.893091	51751900.000000
2021-01-28	0.016427	0.050509	0.061905	0.033242	0.475672	51223300.000000
2021-01-21	-0.017625	0.030134	0.034593	0.010704	-0.553326	49626600.000000
2021-01-13	-0.005942	0.023095	0.030746	0.012690	-0.194145	43172800.000000
2021-01-06	0.062459	0.085964	0.110475	0.067581	1.834717	107002800.000000
2020-12-29	-0.003983	0.031502	0.034237	0.023296	-0.116489	33291900.000000
2020-12-21	0.037321	0.045584	0.077563	0.032290	1.038698	93397400.000000
2020-12-14	-0.012251	0.042754	0.044196	0.014630	-0.339760	40267100.000000
2020-12-07	-0.006828	0.016418	0.025210	0.009032	-0.194153	42197800.000000
2020-11-30	-0.028631	0.026901	0.031906	0.004732	-0.800732	63567900.000000
2020-11-20	-0.006301	0.027334	0.035402	0.023108	-0.164001	40538000.000000
2020-11-13	0.011615	0.043933	0.056750	0.039273	0.299067	52421000.000000
2020-11-06	-0.012190	0.050033	0.051296	0.020549	-0.289425	55454500.000000
2020-10-30	0.006797	0.034353	0.049765	0.023344	0.154356	66453400.000000
2020-10-23	0.001206	0.051976	0.052809	0.029886	0.028940	51007400.000000
2020-10-16	0.003727	0.038701	0.045139	0.027541	0.086824	58357700.000000
2020-10-09	0.004755	0.040661	0.046822	0.028341	0.115772	44511500.000000
2020-10-02	0.004564	0.016770	0.050748	0.013759	0.106121	51682100.000000
2020-09-25	0.006427	0.033890	0.045881	0.027228	0.144707	42111300.000000
2020-09-18	-0.005523	0.028377	0.045959	0.026332	-0.135065	94055800.000000
2020-09-11	0.014320	0.039853	0.054696	0.034493	0.347301	47708300.000000
2020-09-03	-0.006966	0.050996	0.067844	0.021311	-0.173651	86192500.000000
2020-08-27	0.019171	0.040917	0.070727	0.038875	0.469448	52934800.000000
2020-08-20	-0.015686	0.029858	0.036817	0.024128	-0.383221	49403700.000000
2020-08-13	-0.014216	0.034403	0.041432	0.020736	-0.364063	55955500.000000
2020-08-06	0.003151	0.046242	0.055286	0.039253	0.076645	51999700.000000
2020-07-30	-0.017016	0.021057	0.030558	0.005775	-0.411968	61755900.000000
2020-07-23	0.009461	0.052792	0.057944	0.035188	0.220356	61047600.000000
2020-07-16	-0.027236	0.007710	0.027652	-0.001200	-0.641901	78067100.000000
2020-07-09	-0.014286	0.036545	0.046486	0.011694	-0.316162	79385900.000000
2020-07-01	-0.020632	0.056081	0.057839	0.020922	-0.469452	57379900.000000
2020-06-24	-0.039532	0.033249	0.033249	-0.002961	-0.938898	75437100.000000
2020-06-17	-0.031008	0.047821	0.047821	0.008174	-0.766447	58349500.000000
2020-06-10	-0.057406	0.034528	0.039337	-0.019473	-1.552057	90415300.000000
2020-06-03	0.046296	0.078981	0.106061	0.074327	1.094139	86744600.000000
2020-05-27	0.070016	0.128542	0.132870	0.080924	1.617422	117672700.000000
2020-05-19	-0.031400	0.038678	0.054263	0.017135	-0.685026	62179000.000000
2020-05-12	-0.031444	0.057106	0.062226	0.017074	-0.675512	69588700.000000
2020-05-05	-0.011775	0.076265	0.078099	0.036845	-0.256886	45691900.000000
2020-04-28	0.017895	0.094942	0.111064	0.068072	0.399595	65504900.000000
2020-04-21	-0.038222	0.023026	0.044982	0.004341	-0.818230	78871300.000000
2020-04-14	-0.007943	0.076540	0.083131	0.015023	-0.180773	88991100.000000
2020-04-06	0.067898	0.103529	0.133439	0.091984	1.293940	97766200.000000
2020-03-30	0.020370	0.053488	0.087550	0.034997	0.418627	80449100.000000
2020-03-23	-0.080834	0.029147	0.051055	-0.040853	-1.512772	181898500.000000
2020-03-16	-0.153973	-0.136447	-0.054660	-0.148193	-3.539301	121688800.000000
2020-03-09	-0.147024	-0.091212	-0.039702	-0.120646	-3.596386	145196000.000000
2020-03-02	0.030526	0.052194	0.090422	0.018420	0.822491	147776300.000000
2020-02-24	-0.047439	0.021435	0.022359	0.001117	-1.540997	79159600.000000
