2022-12-30	-0.002664	0.001381	0.004602	-0.005689	-0.636963	1521100.000000
2022-12-22	-0.017333	-0.001798	0.000903	-0.031352	-4.170120	3129900.000000
2022-12-15	-0.016291	-0.005172	-0.001873	-0.024198	-3.801865	2953200.000000
2022-12-08	0.008472	0.013238	0.020215	0.007226	1.930786	2189400.000000
2022-12-01	-0.003046	0.006852	0.007277	-0.014229	-0.716583	2504700.000000
2022-11-23	-0.001433	0.006336	0.014806	-0.002218	-0.338379	2311300.000000
2022-11-16	-0.009250	0.002242	0.005069	-0.011293	-2.159698	3062000.000000
2022-11-09	-0.018581	-0.011583	0.001840	-0.015999	-4.249741	6248300.000000
2022-11-02	-0.018124	0.000630	0.019484	-0.016246	-3.941208	3150000.000000
2022-10-26	0.010881	0.022612	0.029213	0.003377	2.109940	3546000.000000
2022-10-19	0.004685	0.008131	0.023340	0.002951	0.850235	2088700.000000
2022-10-12	-0.001391	0.009973	0.019201	0.006034	-0.247162	2260800.000000
2022-10-05	-0.006959	-0.002473	0.015040	-0.005063	-1.235794	3067400.000000
2022-09-28	0.032750	0.024320	0.049102	0.018342	5.259537	3694800.000000
2022-09-21	-0.033934	0.018823	0.025699	-0.023230	-5.971375	4061900.000000
2022-09-14	0.001845	0.009352	0.016047	-0.001898	0.336136	2295000.000000
2022-09-07	0.001107	0.002814	0.018099	-0.002337	0.197723	2166900.000000
2022-08-30	-0.025237	0.010015	0.012442	-0.026430	-4.785004	2691200.000000
2022-08-23	0.028421	0.016714	0.045145	0.015290	5.388077	2444900.000000
2022-08-16	0.008012	0.008240	0.024139	0.006330	1.552170	1959300.000000
2022-08-09	0.001184	0.012254	0.022761	0.007954	0.217514	2460000.000000
2022-08-02	-0.058247	-0.024117	-0.016487	-0.049241	-11.221054	8193100.000000
2022-07-26	-0.003190	0.007876	0.021729	0.004649	-0.573410	1767700.000000
2022-07-19	0.041790	0.020944	0.054995	0.014956	7.118195	2671400.000000
2022-07-12	-0.003028	0.016908	0.031457	0.004454	-0.520355	2718400.000000
2022-07-05	-0.025408	-0.007285	-0.003571	-0.025394	-4.447571	3724900.000000
2022-06-27	0.011321	0.013963	0.024745	0.001779	2.099991	3061100.000000
2022-06-17	-0.011037	0.004569	0.015145	-0.020124	-2.149994	7226100.000000
2022-06-10	-0.037958	-0.018644	-0.015424	-0.038718	-8.490005	2604100.000000
2022-06-03	0.013182	-0.007955	0.018636	-0.007955	2.899994	2222500.000000
2022-05-26	0.017582	0.010702	0.020687	0.005208	3.680008	2016000.000000
2022-05-19	-0.005675	-0.010003	0.006444	-0.029961	-1.180008	2887700.000000
2022-05-12	-0.010623	-0.007797	0.000633	-0.028800	-2.180008	3282000.000000
2022-05-05	-0.029920	-0.000854	0.002516	-0.039624	-6.660004	3005600.000000
2022-04-28	-0.007104	-0.030520	-0.004674	-0.055898	-1.520004	6092800.000000
2022-04-21	-0.010677	0.009188	0.011996	-0.014591	-2.509995	3571400.000000
2022-04-13	0.007245	0.001061	0.013752	-0.001384	1.570007	1898900.000000
2022-04-06	0.000880	-0.004166	0.005138	-0.011434	0.190002	2783300.000000
2022-03-30	0.009229	0.004343	0.021897	-0.001538	2.040008	2507400.000000
2022-03-23	-0.002425	-0.004580	0.009295	-0.004580	-0.540008	2001700.000000
2022-03-16	-0.001756	0.004805	0.013998	-0.019126	-0.380005	4378700.000000
2022-03-09	-0.001048	0.012238	0.017143	-0.012143	-0.220001	4798300.000000
2022-03-02	0.053492	0.012963	0.058688	0.011869	9.779999	5849900.000000
2022-02-23	-0.023744	0.002667	0.005805	-0.025313	-4.540008	3550400.000000
2022-02-15	0.017610	0.004052	0.022813	0.000600	3.520004	2752600.000000
2022-02-08	0.008408	0.002202	0.012461	-0.002953	1.679993	2407100.000000
2022-02-01	0.018803	-0.003771	0.020986	-0.005061	3.790008	4026400.000000
2022-01-25	-0.000093	-0.010498	0.011664	-0.033733	-0.020004	4554300.000000
2022-01-18	0.004062	-0.000546	0.011392	-0.004277	0.925507	5411900.000000
2022-01-10	-0.011374	0.008259	0.011844	-0.011194	-2.537689	3734900.000000
2022-01-03	0.001258	0.007720	0.013893	0.000283	0.258743	2055600.000000
2021-12-27	0.000873	0.003585	0.008263	-0.000313	0.179138	1711200.000000
2021-12-17	-0.023282	-0.001094	0.000368	-0.019225	-4.776825	6079600.000000
2021-12-10	-0.003282	0.011104	0.013565	-0.005091	-0.666763	3315200.000000
2021-12-03	0.005132	0.009346	0.018128	-0.000509	1.005127	3250900.000000
2021-11-26	-0.040276	-0.024604	-0.022420	-0.045907	-8.299728	3496000.000000
2021-11-18	-0.007686	0.006288	0.008466	-0.006633	-1.552475	2119900.000000
2021-11-11	0.009000	0.010735	0.023182	0.010735	1.851013	4819800.000000
2021-11-04	0.000197	0.007074	0.011467	0.000212	0.039810	2543500.000000
2021-10-28	0.040585	0.011154	0.047735	0.009566	7.921539	4462700.000000
2021-10-21	-0.010040	-0.002416	0.001048	-0.011619	-2.028900	3071300.000000
2021-10-14	0.028528	0.035054	0.041738	0.030027	5.334519	5212900.000000
2021-10-07	0.020275	0.020249	0.034257	0.019617	3.849960	3510500.000000
2021-09-30	-0.029818	0.014230	0.015507	-0.021463	-5.839264	4978100.000000
2021-09-23	0.027541	0.018638	0.043403	0.018321	5.215729	3367800.000000
2021-09-16	-0.010353	0.009025	0.013642	-0.003891	-2.108078	3120100.000000
2021-09-09	-0.006529	0.009081	0.017144	0.001263	-1.336121	2777900.000000
2021-09-01	-0.013800	0.010401	0.010976	-0.010011	-2.880035	4122900.000000
2021-08-25	0.010207	0.013157	0.025182	0.008309	2.147659	2599800.000000
2021-08-18	-0.017007	0.005951	0.010921	-0.007209	-3.592621	2947700.000000
2021-08-11	0.035456	0.018236	0.050520	0.012761	7.511856	7794100.000000
2021-08-04	-0.019089	0.009044	0.015683	-0.009614	-3.939026	2948700.000000
2021-07-28	0.007337	0.010882	0.023831	0.001736	1.524155	3246900.000000
2021-07-21	0.013320	0.014093	0.024977	0.008554	2.741486	3407300.000000
2021-07-14	-0.016497	0.016153	0.017947	-0.002918	-3.494690	3185200.000000
2021-07-07	0.005480	0.011874	0.023149	0.004595	1.151779	2707700.000000
2021-06-29	-0.005410	0.024137	0.027237	0.007932	-1.151764	3443400.000000
2021-06-22	-0.000375	0.017157	0.023541	0.006151	-0.078766	3776400.000000
2021-06-15	0.002055	0.019905	0.024033	0.003068	0.443008	5055900.000000
2021-06-08	0.001668	0.014298	0.021966	0.000147	0.393784	2212300.000000
2021-06-01	0.006969	0.028169	0.032045	0.018899	1.653839	2476000.000000
2021-05-24	0.007629	0.017750	0.026399	0.011455	1.781784	2372700.000000
2021-05-17	0.010568	0.017962	0.029326	0.011168	2.520096	1998400.000000
2021-05-10	0.006722	0.026403	0.036014	0.022567	1.594757	3752900.000000
2021-05-03	0.000263	0.024239	0.028381	0.011815	0.059067	3182900.000000
2021-04-26	0.001956	0.017854	0.027919	0.015161	0.442978	1864800.000000
2021-04-19	-0.004157	0.018403	0.019278	0.005329	-0.950607	1712600.000000
2021-04-12	0.000780	0.018425	0.022847	0.012366	0.176407	1688200.000000
2021-04-05	0.004168	0.030323	0.033217	0.018792	0.950592	2323400.000000
2021-03-26	0.023411	0.029970	0.045851	0.024783	5.144959	3040100.000000
2021-03-19	-0.023366	0.011877	0.015859	-0.008913	-5.282150	7485100.000000
2021-03-12	0.042046	0.016886	0.063412	0.012800	9.055160	4756500.000000
2021-03-05	0.034732	0.027944	0.058830	0.014324	7.242157	3602300.000000
2021-02-26	-0.026779	0.015492	0.023083	-0.007186	-5.821182	4461300.000000
2021-02-19	0.049970	0.037411	0.079316	0.034604	9.790146	4937300.000000
2021-02-11	0.003186	0.019744	0.024027	0.003229	0.617401	2178200.000000
2021-02-04	0.001045	0.023346	0.026597	0.013752	0.195984	2253800.000000
2021-01-28	0.020539	0.029623	0.059846	0.024256	3.635773	3445400.000000
2021-01-21	-0.000780	0.020468	0.027736	0.008266	-0.147003	1951200.000000
2021-01-13	-0.008353	0.032335	0.039502	0.016808	-1.608414	3154700.000000
2021-01-06	0.055652	0.045451	0.102039	0.039865	9.962524	8034700.000000
2020-12-29	-0.009643	0.030445	0.031653	0.007095	-1.676666	1490300.000000
2020-12-21	-0.004421	0.003055	0.025447	-0.000460	-0.779877	2071000.000000
2020-12-14	-0.006916	0.033339	0.048960	0.017204	-1.208740	2533600.000000
2020-12-07	-0.019208	0.015597	0.015597	-0.005966	-3.411804	4587400.000000
2020-11-30	-0.008510	0.017231	0.024672	0.010317	-1.452423	2382600.000000
2020-11-20	-0.003875	0.023174	0.027149	0.016410	-0.653107	2449800.000000
2020-11-13	0.015255	0.032940	0.044586	0.026208	2.514999	2120200.000000
2020-11-06	-0.011037	0.031190	0.041254	0.011188	-1.754669	2983000.000000
2020-10-30	0.015388	0.021135	0.043221	0.015033	2.320053	4373500.000000
2020-10-23	-0.000237	0.030346	0.038132	0.019335	-0.038986	2857300.000000
2020-10-16	0.022479	0.045931	0.066318	0.041991	3.594589	5569000.000000
2020-10-09	0.014554	0.040081	0.050096	0.036985	2.209076	4084200.000000
2020-10-02	0.022016	0.014944	0.064049	0.011286	3.129486	3220500.000000
2020-09-25	0.005305	0.023221	0.043203	0.016963	0.746063	1848900.000000
2020-09-18	-0.009619	0.030835	0.047806	0.019969	-1.433960	5113500.000000
2020-09-11	0.026492	0.036380	0.063378	0.034727	3.846512	3237100.000000
2020-09-03	-0.016815	0.027408	0.045455	0.004660	-2.431915	4479100.000000
2020-08-27	0.010858	0.034293	0.050375	0.028107	1.492081	3010300.000000
2020-08-20	-0.003913	0.017154	0.031810	0.014387	-0.523224	2279700.000000
2020-08-13	-0.013327	0.025088	0.033340	0.011840	-1.840897	2939900.000000
2020-08-06	-0.004297	0.028669	0.033945	0.022398	-0.561966	2446400.000000
2020-07-30	-0.027040	0.021460	0.021607	-0.001381	-3.681778	3063500.000000
2020-07-23	-0.002774	0.031507	0.036179	0.022541	-0.368164	1613700.000000
2020-07-16	0.001446	0.039389	0.059605	0.034128	0.192352	3621500.000000
2020-07-09	-0.018731	0.035051	0.041625	0.015412	-2.308044	2663500.000000
2020-07-01	-0.003478	0.063513	0.063678	0.034743	-0.423157	2807800.000000
2020-06-24	-0.033188	0.027815	0.028226	0.003435	-4.029457	3766500.000000
2020-06-17	-0.014449	0.040239	0.042717	0.021058	-1.807968	3228100.000000
2020-06-10	-0.013041	0.036197	0.049061	0.011711	-1.682960	4018700.000000
2020-06-03	0.030571	0.057800	0.073821	0.054090	3.625564	3712600.000000
2020-05-27	0.042671	0.060298	0.084830	0.058615	4.818039	4462700.000000
2020-05-19	-0.025561	0.039207	0.043637	0.012628	-2.827370	3404900.000000
2020-05-12	-0.033238	0.044627	0.046733	0.005277	-3.471672	3874100.000000
2020-05-05	0.011047	0.054512	0.072371	0.049686	1.144409	3477400.000000
2020-04-28	0.002257	0.063850	0.065113	0.023321	0.250038	5604600.000000
2020-04-21	-0.041448	0.007537	0.007537	-0.014602	-4.568008	5743300.000000
2020-04-14	0.020501	0.071084	0.083403	0.052788	2.229881	7166300.000000
2020-04-06	0.050231	0.098529	0.113995	0.081050	5.488922	5785600.000000
2020-03-30	0.059465	0.058244	0.123034	0.044310	5.974907	5725600.000000
2020-03-23	-0.038220	0.031805	0.057518	-0.004017	-3.478210	6737500.000000
2020-03-16	-0.062525	-0.062672	0.114789	-0.067938	-5.936798	9899000.000000
2020-03-09	-0.142822	-0.023391	-0.023391	-0.100835	-16.523949	8636200.000000
2020-03-02	0.027044	0.056228	0.080131	0.038997	3.201859	6100200.000000
2020-02-24	-0.036732	0.013593	0.023765	0.009922	-4.802811	4964800.000000
