2022-12-30	-0.007254	0.003438	0.006647	-0.008124	-1.311142	3136200.000000
2022-12-22	-0.007726	0.003227	0.004275	-0.012991	-1.400543	4304700.000000
2022-12-15	-0.016961	-0.000820	0.003189	-0.020531	-3.089127	6127800.000000
2022-12-08	0.008783	0.004713	0.016705	0.001673	1.589264	3800800.000000
2022-12-01	0.008353	0.012874	0.017515	0.005665	1.529648	4683300.000000
2022-11-23	0.001298	0.013914	0.019833	0.011174	0.236908	2511000.000000
2022-11-16	0.006434	0.019384	0.026988	0.016068	1.125320	4701100.000000
2022-11-09	-0.011953	0.008777	0.015056	0.000088	-2.132202	4723600.000000
2022-11-02	-0.013941	0.013150	0.028842	-0.001478	-2.487549	4970600.000000
2022-10-26	0.004488	0.018663	0.027983	0.013322	0.789703	5136000.000000
2022-10-19	-0.009711	0.011649	0.017551	-0.002761	-1.678116	5200200.000000
2022-10-12	0.041823	0.051294	0.063568	0.038022	6.712494	9795300.000000
2022-10-05	-0.006642	0.012189	0.012916	-0.007452	-1.095718	3538600.000000
2022-09-28	0.016023	0.018530	0.035067	0.008339	2.625763	5480900.000000
2022-09-21	-0.002842	0.018795	0.031689	0.009559	-0.473816	5134500.000000
2022-09-14	0.007586	0.017334	0.023809	0.014006	1.253632	5156900.000000
2022-09-07	0.022064	0.019671	0.038556	0.015548	3.691879	6074600.000000
2022-08-30	-0.008597	0.018969	0.021014	0.007221	-1.470825	4026300.000000
2022-08-23	-0.000448	0.016245	0.022189	0.013216	-0.078461	2575000.000000
2022-08-16	0.005801	0.022690	0.027923	0.016205	1.019760	3395700.000000
2022-08-09	0.003739	0.025360	0.027941	0.020491	0.637344	3228800.000000
2022-08-02	-0.008251	0.019788	0.020998	0.009875	-1.431580	3781100.000000
2022-07-26	0.011657	0.024169	0.032695	0.016183	1.941467	3732100.000000
2022-07-19	0.010698	0.031907	0.034938	0.022088	1.764984	4201600.000000
2022-07-12	-0.005690	0.034981	0.036896	0.010273	-0.951111	5201600.000000
2022-07-05	-0.002243	0.015270	0.019846	-0.004598	-0.372620	4971600.000000
2022-06-27	0.001324	-0.001565	0.006019	-0.004755	0.220001	4595800.000000
2022-06-17	0.000191	0.000000	0.012482	-0.005477	0.029999	9881800.000000
2022-06-10	-0.001597	-0.011119	0.007003	-0.020457	-0.259995	5203300.000000
2022-06-03	-0.010979	-0.004920	-0.000540	-0.013919	-1.829987	4222000.000000
2022-05-26	0.006747	0.006896	0.019589	0.006896	1.132126	5193800.000000
2022-05-19	-0.014971	-0.000121	0.001602	-0.017534	-2.433075	6423800.000000
2022-05-12	-0.001524	0.010437	0.014803	-0.007796	-0.258224	6473500.000000
2022-05-05	-0.019959	0.002554	0.003828	-0.020729	-3.446030	6534300.000000
2022-04-28	0.015156	0.005112	0.022908	0.001024	2.631683	5235800.000000
2022-04-21	-0.003590	0.008620	0.017113	0.002250	-0.625656	3701300.000000
2022-04-13	-0.001731	0.008582	0.009977	-0.002167	-0.297943	4394000.000000
2022-04-06	0.017050	0.009450	0.025966	0.006896	2.870041	4294800.000000
2022-03-30	-0.001367	0.006417	0.007255	-0.005438	-0.228409	3871500.000000
2022-03-23	-0.005233	0.006404	0.012715	-0.003522	-0.854065	4533700.000000
2022-03-16	0.004402	0.003219	0.013225	-0.005457	0.695160	6299000.000000
2022-03-09	-0.002977	0.019330	0.020924	-0.002421	-0.466751	5764900.000000
2022-03-02	0.013866	0.018013	0.035752	0.014952	2.219849	5452100.000000
2022-02-23	-0.009860	0.018214	0.018214	0.002560	-1.637756	5812800.000000
2022-02-15	-0.004439	0.016740	0.023003	0.004823	-0.730072	4943800.000000
2022-02-08	0.001222	0.018416	0.018475	0.004729	0.207199	3957700.000000
2022-02-01	-0.006800	0.011417	0.013052	-0.009553	-1.164200	5952700.000000
2022-01-25	-0.011481	0.006269	0.008608	-0.007415	-1.963348	6536900.000000
2022-01-18	-0.009565	0.001921	0.008500	-0.000791	-1.657471	5789500.000000
2022-01-10	0.000517	0.015674	0.023826	0.010900	0.088791	5055900.000000
2022-01-03	-0.004202	0.004768	0.010544	-0.004743	-0.720230	5488900.000000
2021-12-27	0.009954	0.014832	0.024205	0.013519	1.667358	2868800.000000
2021-12-17	-0.020487	0.009390	0.016882	-0.008661	-3.472855	10159600.000000
2021-12-10	0.015994	0.021074	0.030704	0.017174	2.624374	5025700.000000
2021-12-03	0.025464	0.018942	0.040461	0.018122	4.035217	6465900.000000
2021-11-26	-0.015879	0.014008	0.019929	0.002666	-2.547958	3402900.000000
2021-11-18	0.000306	0.016930	0.021364	0.010309	0.049011	3498900.000000
2021-11-11	-0.008230	0.019992	0.020054	0.011159	-1.322968	2453000.000000
2021-11-04	0.000061	0.019931	0.022042	0.014527	0.009781	3310100.000000
2021-10-28	0.006288	0.021952	0.027543	0.019538	0.989777	3589600.000000
2021-10-21	-0.013204	0.020934	0.021187	0.005688	-2.087357	4164700.000000
2021-10-14	0.008038	0.024496	0.030116	0.024432	1.244568	3677100.000000
2021-10-07	0.009228	0.024115	0.038800	0.024115	1.401367	4605100.000000
2021-09-30	-0.012410	0.026591	0.027998	0.007496	-1.852173	4949200.000000
2021-09-23	0.000779	0.018307	0.026523	0.017313	0.117599	2712500.000000
2021-09-16	-0.002948	0.016307	0.021081	0.005973	-0.450806	4589900.000000
2021-09-09	-0.006317	0.021469	0.022055	0.011833	-0.970184	3560400.000000
2021-09-01	0.009719	0.030378	0.039247	0.028210	1.479431	4231400.000000
2021-08-25	-0.004426	0.023929	0.025972	0.016020	-0.671570	3346700.000000
2021-08-18	-0.010260	0.025990	0.029374	0.016360	-1.576752	3419200.000000
2021-08-11	0.003950	0.029285	0.038000	0.027688	0.593719	3058000.000000
2021-08-04	-0.016723	0.024274	0.027356	0.009060	-2.550049	4846300.000000
2021-07-28	-0.009181	0.025210	0.027552	0.014216	-1.411316	3556800.000000
2021-07-21	-0.003722	0.023993	0.029400	0.019180	-0.564529	4905900.000000
2021-07-14	0.010329	0.026952	0.042065	0.026347	1.537811	6390300.000000
2021-07-07	0.004426	0.028524	0.038238	0.026526	0.642365	4225000.000000
2021-06-29	-0.000680	0.030287	0.032033	0.022950	-0.097321	3197700.000000
2021-06-22	0.001501	0.028613	0.034011	0.025529	0.214142	3518000.000000
2021-06-15	0.000067	0.029704	0.031571	0.023964	0.009735	4256500.000000
2021-06-08	-0.009340	0.027074	0.028256	0.014696	-1.343155	5997200.000000
2021-06-01	-0.002095	0.040804	0.041294	0.028981	-0.299545	5530300.000000
2021-05-24	0.005099	0.038727	0.043722	0.034295	0.724701	3627800.000000
2021-05-17	-0.002865	0.037823	0.040646	0.028715	-0.405823	3747100.000000
2021-05-10	0.007969	0.041540	0.052205	0.038838	1.120865	5270600.000000
2021-05-03	0.011307	0.041174	0.053737	0.034497	1.574982	6109800.000000
2021-04-26	-0.016937	0.032941	0.034502	0.014702	-2.386627	5817700.000000
2021-04-19	0.004093	0.037297	0.045266	0.028467	0.570099	6621200.000000
2021-04-12	0.003156	0.032242	0.041461	0.031153	0.434814	4386700.000000
2021-04-05	0.013307	0.039103	0.057343	0.035221	1.816544	5980700.000000
2021-03-26	0.021987	0.034854	0.059906	0.031222	2.966385	6785600.000000
2021-03-19	0.014865	0.033210	0.054294	0.032195	1.903519	16114400.000000
2021-03-12	-0.001351	0.034151	0.039356	0.030422	-0.173904	5275100.000000
2021-03-05	0.032601	0.041435	0.071720	0.037820	4.058243	10186500.000000
2021-02-26	-0.006231	0.047766	0.050173	0.031716	-0.776482	8329000.000000
2021-02-19	-0.021127	0.040417	0.041265	0.019457	-2.741562	5414900.000000
2021-02-11	-0.019826	0.044328	0.047055	0.017737	-2.616959	7528000.000000
2021-02-04	0.012027	0.041151	0.056343	0.041151	1.591248	3860300.000000
2021-01-28	0.008331	0.049162	0.063974	0.041076	1.102402	5514000.000000
2021-01-21	-0.012170	0.035515	0.039206	0.024074	-1.648773	5684100.000000
2021-01-13	0.008202	0.040905	0.056542	0.040020	1.111984	4361600.000000
2021-01-06	-0.012232	0.021347	0.035261	0.020771	-1.696732	4843300.000000
2020-12-29	0.003471	0.048659	0.056399	0.042695	0.488876	3186700.000000
2020-12-21	-0.010413	0.029489	0.034175	0.018626	-1.466660	3946900.000000
2020-12-14	-0.005105	0.045206	0.053985	0.036571	-0.709366	3952400.000000
2020-12-07	-0.003291	0.041976	0.048270	0.034394	-0.460129	4217300.000000
2020-11-30	-0.002559	0.049606	0.050841	0.038126	-0.352203	4906900.000000
2020-11-20	0.000698	0.053042	0.060300	0.048277	0.095169	3469100.000000
2020-11-13	0.006049	0.050112	0.058293	0.046460	0.828110	2580400.000000
2020-11-06	0.002390	0.054505	0.063713	0.045144	0.314102	2867000.000000
2020-10-30	-0.005224	0.042312	0.049447	0.032746	-0.666290	4303900.000000
2020-10-23	-0.000358	0.055214	0.057547	0.046334	-0.047592	2758400.000000
2020-10-16	0.002121	0.053000	0.060949	0.048395	0.285538	5076000.000000
2020-10-09	0.004280	0.057102	0.061370	0.051004	0.561584	3194000.000000
2020-10-02	-0.019461	0.039281	0.043982	0.016299	-2.608032	5130200.000000
2020-09-25	0.014972	0.045114	0.068589	0.042080	1.875061	4576000.000000
2020-09-18	-0.012988	0.054646	0.063165	0.025462	-1.646622	8473000.000000
2020-09-11	0.007792	0.054210	0.063253	0.046491	0.999420	3411900.000000
2020-09-03	-0.020363	0.054338	0.063717	0.019998	-2.757401	6642400.000000
2020-08-27	-0.000506	0.060012	0.069335	0.053899	-0.066177	4159300.000000
2020-08-20	0.001979	0.052052	0.063607	0.051819	0.255157	2263000.000000
2020-08-13	0.002177	0.052803	0.064398	0.052803	0.283508	2393500.000000
2020-08-06	-0.002862	0.050567	0.058489	0.050567	-0.368561	2692900.000000
2020-07-30	-0.001740	0.052885	0.060403	0.047054	-0.226807	2817600.000000
2020-07-23	0.007867	0.062691	0.067825	0.054132	1.011154	5011400.000000
2020-07-16	0.001421	0.061107	0.063481	0.053113	0.179565	3788100.000000
2020-07-09	-0.011250	0.047772	0.055971	0.038547	-1.426956	4005200.000000
2020-07-01	0.000756	0.060338	0.069059	0.055618	0.094505	3633000.000000
2020-06-24	-0.013703	0.051411	0.055842	0.036589	-1.701050	4853500.000000
2020-06-17	0.000684	0.059946	0.069188	0.056732	0.085075	3309700.000000
2020-06-10	0.008724	0.060645	0.075606	0.059770	1.096245	7069900.000000
2020-06-03	0.001432	0.071296	0.079658	0.066150	0.178154	5421200.000000
2020-05-27	0.008169	0.066145	0.075350	0.056776	0.993988	5686500.000000
2020-05-19	-0.027966	0.057814	0.060411	0.033972	-3.554047	6640300.000000
2020-05-12	-0.010716	0.069407	0.082263	0.054329	-1.350365	3914600.000000
2020-05-05	0.005729	0.072256	0.086022	0.065170	0.703293	3580000.000000
2020-04-28	0.013833	0.084791	0.091929	0.067978	1.744186	6674200.000000
2020-04-21	-0.026830	0.047291	0.053632	0.035006	-3.385231	4359500.000000
2020-04-14	0.057376	0.085375	0.129451	0.078287	7.042442	6278700.000000
2020-04-06	0.052733	0.101228	0.130928	0.072383	6.160965	8242200.000000
2020-03-30	0.041674	0.076572	0.114019	0.075687	4.707481	6916800.000000
2020-03-23	0.012027	0.087631	0.158122	0.055515	1.172180	13926800.000000
2020-03-16	-0.112672	-0.040373	0.036019	-0.062881	-13.465958	10733300.000000
2020-03-09	-0.051727	0.011386	0.036015	-0.004152	-6.657951	8716300.000000
2020-03-02	0.042036	0.073348	0.120267	0.071072	5.169563	8504500.000000
2020-02-24	-0.022009	0.073666	0.083161	0.049375	-2.989944	5027700.000000
