2022-12-30	0.001547	0.030130	0.038844	0.025337	0.106544	1122800.000000
2022-12-22	-0.006361	0.023405	0.026615	0.011583	-0.435852	2109600.000000
2022-12-15	-0.003818	0.041213	0.041213	0.020482	-0.261513	3472400.000000
2022-12-08	0.027917	0.054034	0.064972	0.050338	1.888710	3021600.000000
2022-12-01	0.007867	0.044186	0.053662	0.037718	0.523026	4277300.000000
2022-11-23	0.014417	0.034987	0.048922	0.033879	0.910454	2248900.000000
2022-11-16	-0.011795	0.025178	0.029290	0.014740	-0.745792	2862800.000000
2022-11-09	-0.019657	0.030025	0.041821	0.008689	-1.133224	3903000.000000
2022-11-02	-0.039840	0.028697	0.030763	-0.009243	-2.121162	5399700.000000
2022-10-26	0.033787	0.039955	0.075590	0.039955	1.801533	4805300.000000
2022-10-19	-0.017730	0.019621	0.030000	0.009430	-0.939507	3485600.000000
2022-10-12	-0.012642	0.018849	0.030247	0.013150	-0.687679	3445400.000000
2022-10-05	-0.008608	0.004921	0.030711	0.000914	-0.493965	5140300.000000
2022-09-28	0.028446	0.031862	0.064385	0.029694	1.443161	4264600.000000
2022-09-21	-0.034295	0.028332	0.029269	-0.002955	-1.830589	3848000.000000
2022-09-14	-0.008469	0.029175	0.033364	0.015149	-0.464912	3541500.000000
2022-09-07	-0.010022	0.009690	0.027374	0.001036	-0.532711	4132900.000000
2022-08-30	-0.041695	0.019208	0.019556	-0.013732	-2.392361	4422400.000000
2022-08-23	0.036823	0.039111	0.073100	0.038761	2.101788	4681000.000000
2022-08-16	0.042215	0.060157	0.076921	0.059628	2.392361	3509200.000000
2022-08-09	0.008882	0.085534	0.090327	0.078435	0.500401	2756700.000000
2022-08-02	-0.015768	0.075742	0.076995	0.053532	-0.880329	3022900.000000
2022-07-26	-0.009385	0.079326	0.080411	0.060336	-0.518925	2890800.000000
2022-07-19	0.014301	0.089433	0.097626	0.082003	0.750591	3103800.000000
2022-07-12	-0.010206	0.068878	0.081385	0.061411	-0.546726	5086600.000000
2022-07-05	-0.042621	0.025575	0.033692	0.010424	-2.362984	4964100.000000
2022-06-27	0.004783	0.008131	0.012596	-0.000638	0.299999	2836200.000000
2022-06-17	-0.051440	-0.028807	-0.025573	-0.061141	-3.500000	4770900.000000
2022-06-10	-0.036554	-0.034538	-0.029432	-0.049187	-2.720001	4055800.000000
2022-06-03	-0.012662	-0.010156	-0.004089	-0.017937	-0.959999	1482600.000000
2022-05-26	0.003338	-0.003756	0.004590	-0.006399	0.239998	2550500.000000
2022-05-19	0.018899	0.007350	0.026249	0.006750	1.260002	2962000.000000
2022-05-12	-0.015286	-0.026139	-0.010089	-0.034393	-1.000000	4946500.000000
2022-05-05	-0.039549	-0.013647	-0.008077	-0.049993	-2.839996	4992300.000000
2022-04-28	-0.005424	-0.006676	-0.001947	-0.019054	-0.389999	3416000.000000
2022-04-21	-0.047977	-0.025579	-0.021125	-0.053449	-3.770004	4776200.000000
2022-04-13	0.018015	0.003479	0.018760	0.003230	1.450005	2691200.000000
2022-04-06	0.000994	0.001242	0.005342	-0.008200	0.080002	3680600.000000
2022-03-30	0.027048	0.014927	0.034575	0.013651	2.120003	3057400.000000
2022-03-23	0.018439	0.006277	0.020923	0.001569	1.409996	3853800.000000
2022-03-16	0.052693	0.021859	0.053851	0.021859	3.639999	6816400.000000
2022-03-09	0.002451	0.040113	0.071865	0.031591	0.178291	7712700.000000
2022-03-02	0.043859	0.101499	0.115614	0.096173	3.293671	6540800.000000
2022-02-23	-0.003472	0.057732	0.062939	0.043892	-0.253357	5476000.000000
2022-02-15	-0.015822	0.048682	0.053577	0.035220	-1.163582	3947100.000000
2022-02-08	0.019050	0.074161	0.087093	0.061369	1.370010	4612800.000000
2022-02-01	0.039216	0.081202	0.108665	0.080456	2.627426	4316700.000000
2022-01-25	0.005596	0.057971	0.075861	0.047353	0.384735	3700900.000000
2022-01-18	0.004377	0.055927	0.073029	0.052252	0.309669	6051500.000000
2022-01-10	0.006506	0.060664	0.073941	0.054763	0.441040	5555500.000000
2022-01-03	-0.003137	0.074595	0.076346	0.057401	-0.197056	3628500.000000
2021-12-27	0.003021	0.062782	0.069864	0.053769	0.187675	1942800.000000
2021-12-17	-0.013526	0.068271	0.069242	0.051265	-0.835148	3081100.000000
2021-12-10	0.002032	0.075673	0.077506	0.060849	0.121990	2708200.000000
2021-12-03	-0.043661	0.034771	0.040421	0.009512	-2.627430	4031300.000000
2021-11-26	-0.022274	0.016700	0.044449	0.015363	-1.332481	3123600.000000
2021-11-18	-0.012692	0.053911	0.057599	0.046533	-0.722542	3617900.000000
2021-11-11	0.044084	0.098883	0.115131	0.098529	2.496059	5036700.000000
2021-11-04	-0.020126	0.053154	0.055385	0.039085	-1.172958	3871900.000000
2021-10-28	0.000931	0.060884	0.071302	0.060057	0.056301	4594000.000000
2021-10-21	-0.038015	0.034552	0.036586	0.014687	-2.430370	4765900.000000
2021-10-14	0.029544	0.089447	0.101022	0.088521	1.914261	3075300.000000
2021-10-07	0.015804	0.091896	0.100000	0.079662	0.994667	4260100.000000
2021-09-30	0.016428	0.086105	0.096479	0.082214	1.013439	3541700.000000
2021-09-23	0.006908	0.081203	0.086804	0.072081	0.431656	4049300.000000
2021-09-16	-0.046493	0.039313	0.040182	0.011497	-3.209213	3799700.000000
2021-09-09	-0.020258	0.053653	0.058435	0.041627	-1.398170	3410100.000000
2021-09-01	-0.002131	0.051768	0.068235	0.048645	-0.150131	2454200.000000
2021-08-25	0.004128	0.067950	0.075330	0.061990	0.290894	1474400.000000
2021-08-18	-0.035143	0.039186	0.044180	0.026842	-2.533600	3440200.000000
2021-08-11	-0.009662	0.126057	0.135759	0.116091	-0.736877	3603000.000000
2021-08-04	-0.009621	0.131794	0.137150	0.126565	-0.754417	2124400.000000
2021-07-28	0.046388	0.170251	0.198482	0.163090	3.368553	2950500.000000
2021-07-21	0.018293	0.157170	0.167107	0.150452	1.307068	1672100.000000
2021-07-14	0.006457	0.150394	0.155613	0.139688	0.482475	1846100.000000
2021-07-07	0.022926	0.162909	0.171621	0.153368	1.657959	2363300.000000
2021-06-29	0.001776	0.145894	0.149943	0.136446	0.131592	1318700.000000
2021-06-22	0.012425	0.146065	0.157314	0.138428	0.894775	1347400.000000
2021-06-15	-0.006324	0.131173	0.135630	0.118852	-0.482475	2141000.000000
2021-06-08	0.005561	0.144871	0.151727	0.134393	0.429840	1555300.000000
2021-06-01	0.038545	0.178288	0.187676	0.173073	2.956261	4021000.000000
2021-05-24	0.000467	0.134898	0.144480	0.128110	0.035088	1578400.000000
2021-05-17	0.027201	0.143444	0.171481	0.143444	2.105331	2422900.000000
2021-05-10	0.006869	0.165160	0.174214	0.145828	0.561424	4335700.000000
2021-05-03	0.022220	0.152955	0.170913	0.150945	1.657967	2051600.000000
2021-04-26	0.020939	0.151692	0.164353	0.149978	1.587776	2070000.000000
2021-04-19	0.017809	0.147887	0.167248	0.147887	1.324615	3597000.000000
2021-04-12	-0.005668	0.140386	0.141391	0.127177	-0.394753	1782100.000000
2021-04-05	0.024237	0.161152	0.176063	0.152381	1.657959	2361700.000000
2021-03-26	0.039835	0.167292	0.186276	0.162888	2.622910	2468800.000000
2021-03-19	-0.013022	0.130402	0.134811	0.116292	-0.885994	2763100.000000
2021-03-12	-0.014909	0.115222	0.126138	0.108451	-1.078987	1780100.000000
2021-03-05	0.021245	0.169185	0.174752	0.132857	1.526375	3643500.000000
2021-02-26	-0.030290	0.182801	0.185977	0.151570	-2.288872	3708100.000000
2021-02-19	0.021569	0.208162	0.225628	0.206808	1.592987	2002400.000000
2021-02-11	-0.009391	0.177505	0.188562	0.169894	-0.653961	1812300.000000
2021-02-04	-0.000129	0.193341	0.197341	0.182265	-0.008385	1174900.000000
2021-01-28	-0.002287	0.192271	0.200456	0.181510	-0.150917	1764000.000000
2021-01-21	-0.003507	0.200083	0.201237	0.174550	-0.243134	1410300.000000
2021-01-13	-0.026898	0.174698	0.177537	0.158230	-1.894814	2024300.000000
2021-01-06	0.044663	0.238021	0.256531	0.230949	2.967987	2771800.000000
2020-12-29	0.007144	0.217183	0.218919	0.197460	0.452744	1524000.000000
2020-12-21	-0.004308	0.155205	0.188055	0.155205	-0.276680	2955500.000000
2020-12-14	0.003643	0.206887	0.211715	0.193531	0.226372	2650500.000000
2020-12-07	-0.012852	0.181270	0.187079	0.169168	-0.796497	1504300.000000
2020-11-30	-0.016351	0.189295	0.194532	0.168890	-0.905491	2372500.000000
2020-11-20	0.006655	0.201987	0.207278	0.195183	0.352135	1251200.000000
2020-11-13	0.007251	0.192150	0.207525	0.192150	0.377289	1090800.000000
2020-11-06	0.034876	0.228642	0.241831	0.219511	1.718758	2086100.000000
2020-10-30	0.002118	0.188094	0.196516	0.180093	0.100609	2324000.000000
2020-10-23	-0.005008	0.188545	0.195315	0.183168	-0.251522	1312100.000000
2020-10-16	-0.008258	0.189378	0.194302	0.181892	-0.419205	1206700.000000
2020-10-09	0.009265	0.220644	0.224134	0.203002	0.477898	4041200.000000
2020-10-02	0.011200	0.182757	0.216453	0.181162	0.561741	2398600.000000
2020-09-25	-0.013242	0.167963	0.178102	0.157824	-0.679115	2219800.000000
2020-09-18	-0.004635	0.207469	0.208759	0.187013	-0.251526	1627300.000000
2020-09-11	0.050090	0.228573	0.260110	0.224263	2.557163	3796500.000000
2020-09-03	-0.033216	0.170908	0.172248	0.138372	-1.735523	2695100.000000
2020-08-27	-0.008905	0.207210	0.207210	0.174573	-0.461128	1214000.000000
2020-08-20	-0.001125	0.171451	0.192151	0.170685	-0.058689	1892600.000000
2020-08-13	-0.008344	0.186793	0.195597	0.177798	-0.435978	1566700.000000
2020-08-06	-0.009358	0.177592	0.187240	0.170593	-0.494663	2424900.000000
2020-07-30	-0.026165	0.183249	0.193972	0.172331	-1.342014	1733600.000000
2020-07-23	-0.012370	0.217274	0.221053	0.200765	-0.621902	1267700.000000
2020-07-16	0.005093	0.222048	0.231283	0.217430	0.253674	2440000.000000
2020-07-09	-0.005832	0.232319	0.237769	0.211567	-0.278221	2337300.000000
2020-07-01	-0.003560	0.215739	0.222483	0.203558	-0.163658	2369900.000000
2020-06-24	-0.022663	0.211313	0.213245	0.192849	-1.055603	2027800.000000
2020-06-17	0.000174	0.227578	0.233960	0.218431	0.008179	1683200.000000
2020-06-10	0.014199	0.234321	0.246594	0.225222	0.671009	2239200.000000
2020-06-03	0.013991	0.229500	0.249229	0.227747	0.638271	1850900.000000
2020-05-27	0.017101	0.246983	0.249120	0.230597	0.720104	2208400.000000
2020-05-19	0.007779	0.234168	0.246764	0.228702	0.327316	2150200.000000
2020-05-12	-0.010556	0.244623	0.249730	0.208610	-0.392784	1521100.000000
2020-05-05	-0.016230	0.220961	0.234817	0.201128	-0.597363	1972800.000000
2020-04-28	0.001493	0.234036	0.241334	0.218399	0.057281	1502700.000000
2020-04-21	-0.038147	0.190443	0.202821	0.168056	-1.448387	2617900.000000
2020-04-14	0.002507	0.236088	0.249619	0.218729	0.098198	3106300.000000
2020-04-06	0.028863	0.258405	0.268987	0.241854	1.063786	3474500.000000
2020-03-30	0.030755	0.270571	0.289643	0.233267	1.096519	3321100.000000
2020-03-23	-0.004102	0.206342	0.243434	0.181279	-0.122740	4318800.000000
2020-03-16	-0.082916	0.088430	0.172498	0.080635	-2.978611	3482600.000000
2020-03-09	-0.094237	0.121975	0.155333	0.096295	-3.559601	6536000.000000
2020-03-02	0.039207	0.290084	0.335710	0.279975	1.435074	6370300.000000
2020-02-24	-0.062065	0.199767	0.208687	0.194837	-2.643970	2846500.000000
