2022-12-30	-0.002473	-0.017819	-0.001349	-0.021585	-0.219994	19190300.000000
2022-12-22	-0.022050	-0.014626	-0.011856	-0.036676	-1.989998	23656100.000000
2022-12-15	-0.043122	-0.018571	-0.013430	-0.051201	-4.110001	28298800.000000
2022-12-08	-0.012612	0.005675	0.007567	-0.014188	-1.200005	25593200.000000
2022-12-01	-0.001676	-0.000493	0.011237	-0.007689	-0.169998	21771500.000000
2022-11-23	0.015309	0.000103	0.017867	0.000103	1.489998	17568900.000000
2022-11-16	0.002735	-0.007091	0.011446	-0.008286	0.269997	24660200.000000
2022-11-09	-0.016983	-0.004105	0.006523	-0.017433	-1.510002	26743900.000000
2022-11-02	-0.037901	0.004530	0.008840	-0.038564	-3.430000	43553600.000000
2022-10-26	-0.096350	-0.077861	-0.060898	-0.098732	-10.110001	71504300.000000
2022-10-19	-0.010849	-0.006805	0.002653	-0.017309	-1.099998	21573700.000000
2022-10-12	0.002550	0.002244	0.016298	-0.003876	0.250000	17343400.000000
2022-10-05	-0.001855	-0.016795	0.003222	-0.026072	-0.190002	18475500.000000
2022-09-28	0.027016	-0.000714	0.033745	-0.002956	2.650002	24617000.000000
2022-09-21	-0.017873	0.004026	0.016302	-0.018069	-1.820000	26596800.000000
2022-09-14	0.005318	0.001234	0.007502	-0.007692	0.560005	22115800.000000
2022-09-07	0.027912	0.002605	0.032657	0.001256	3.000000	22987200.000000
2022-08-30	-0.003897	0.006253	0.009335	-0.013957	-0.429993	20548200.000000
2022-08-23	-0.002607	-0.006518	0.007474	-0.006692	-0.300003	14390700.000000
2022-08-16	-0.003011	-0.004557	0.002832	-0.010946	-0.369995	15626200.000000
2022-08-09	-0.005417	-0.001270	0.000508	-0.013374	-0.639999	15424300.000000
2022-08-02	0.003637	-0.009093	0.013855	-0.010565	0.419998	17911000.000000
2022-07-26	-0.025598	-0.007208	-0.004343	-0.031882	-2.769997	36626600.000000
2022-07-19	0.042853	0.016559	0.044582	0.005368	4.709999	30992300.000000
2022-07-12	-0.014358	0.002712	0.011388	-0.016370	-1.672997	24970000.000000
2022-07-05	0.044059	-0.014361	0.045577	-0.025958	4.806000	36398000.000000
2022-06-27	-0.016159	0.003349	0.006006	-0.021405	-1.915504	32839300.000000
2022-06-17	0.011530	-0.000947	0.024509	-0.009448	1.229500	43516660.000000
2022-06-10	-0.030374	-0.018594	-0.012365	-0.035303	-3.490501	31349740.000000
2022-06-03	-0.027024	-0.014892	-0.011733	-0.034634	-3.181999	24952080.000000
2022-05-26	0.023210	0.001994	0.029438	-0.003321	2.456497	30287480.000000
2022-05-19	-0.014729	-0.004982	0.010556	-0.017197	-1.655502	29191740.000000
2022-05-12	-0.007020	-0.017752	0.007858	-0.033762	-0.799995	41464880.000000
2022-05-05	-0.047550	-0.019209	-0.010946	-0.060310	-5.828499	43089040.000000
2022-04-28	0.038176	0.018210	0.047105	0.001073	4.390999	36790940.000000
2022-04-21	-0.025794	0.008612	0.016079	-0.028036	-3.307999	30157540.000000
2022-04-13	0.014890	0.001963	0.017770	0.000499	1.911499	19542960.000000
2022-04-06	-0.027555	-0.013480	-0.008610	-0.032928	-3.887009	23574600.000000
2022-03-30	-0.004227	-0.002653	0.001609	-0.007553	-0.605499	21046380.000000
2022-03-23	-0.012646	-0.008120	-0.001800	-0.015049	-1.774002	25302320.000000
2022-03-16	0.031081	0.010331	0.031702	-0.003544	4.029999	32058200.000000
2022-03-09	0.051757	0.032382	0.054369	0.022074	6.587494	32257440.000000
2022-03-02	0.004349	0.003281	0.010789	-0.005482	0.583496	23966740.000000
2022-02-23	-0.014045	0.012952	0.018133	-0.014675	-1.817497	26431280.000000
2022-02-15	0.008319	0.016049	0.019216	0.001770	1.125504	26577560.000000
2022-02-08	0.001979	0.000383	0.006471	-0.014863	0.274994	34255040.000000
2022-02-01	0.016065	0.015745	0.018434	-0.008329	2.179993	51203200.000000
2022-01-25	-0.027893	-0.014854	-0.007927	-0.030635	-3.636497	36008600.000000
2022-01-18	-0.025010	-0.022795	-0.017133	-0.029828	-3.496002	27401960.000000
2022-01-10	0.011456	-0.013908	0.011938	-0.028203	1.569504	34095680.000000
2022-01-03	0.002730	-0.001410	0.006017	-0.008135	0.394989	25224500.000000
2021-12-27	0.006263	0.002182	0.008726	0.000731	0.921494	13259320.000000
2021-12-17	-0.014054	-0.014665	-0.002613	-0.021061	-2.035507	43404700.000000
2021-12-10	0.003842	0.006711	0.008737	-0.005054	0.569000	21638460.000000
2021-12-03	-0.008736	0.005001	0.009991	-0.018268	-1.256012	26687480.000000
2021-11-26	-0.026660	-0.011600	-0.009682	-0.028845	-3.911499	16992120.000000
2021-11-18	0.011049	0.000564	0.017094	-0.000426	1.647003	26682400.000000
2021-11-11	0.000832	0.003280	0.012796	0.000467	0.121994	12463100.000000
2021-11-04	0.012896	0.002793	0.021527	-0.001056	1.893005	24700800.000000
2021-10-28	-0.002039	0.005952	0.006809	-0.011364	-0.298508	32418060.000000
2021-10-21	0.002567	-0.001566	0.003051	-0.005463	0.365509	14849920.000000
2021-10-14	0.025468	0.014880	0.027205	0.010435	3.512009	21437560.000000
2021-10-07	0.013334	0.010986	0.020389	0.008802	1.831497	18250460.000000
2021-09-30	-0.009333	-0.001457	0.007947	-0.011307	-1.255493	35363980.000000
2021-09-23	0.006301	0.004761	0.009323	0.001121	0.888000	17276100.000000
2021-09-16	-0.005733	-0.000585	-0.000041	-0.012325	-0.832489	20298840.000000
2021-09-09	0.000207	0.000000	0.005425	-0.003102	0.029999	14798560.000000
2021-09-01	0.002612	0.001292	0.009339	0.001048	0.379990	15824680.000000
2021-08-25	0.003873	0.003402	0.006422	0.000288	0.551498	12843060.000000
2021-08-18	-0.005320	-0.001348	0.007236	-0.006406	-0.730499	14934460.000000
2021-08-11	-0.002947	0.001351	0.005440	-0.005406	-0.406998	15209660.000000
2021-08-04	-0.001845	-0.000224	0.001893	-0.006347	-0.251495	16527140.000000
2021-07-28	-0.003034	0.012906	0.021050	-0.003264	-0.414993	54688340.000000
2021-07-21	0.011434	-0.002399	0.011562	-0.003814	1.498993	14741640.000000
2021-07-14	0.008306	0.006924	0.015279	0.006897	1.087997	17918540.000000
2021-07-07	0.002362	0.004392	0.006696	-0.000085	0.306503	16683720.000000
2021-06-29	-0.006316	-0.000371	0.001423	-0.010901	-0.801003	20949560.000000
2021-06-22	0.004306	-0.000040	0.006445	-0.003389	0.544495	20986200.000000
2021-06-15	-0.002525	0.001345	0.004036	-0.005568	-0.319000	22182600.000000
2021-06-08	0.006796	0.005600	0.011518	0.000872	0.838005	25065060.000000
2021-06-01	0.007568	0.004329	0.010952	-0.002770	0.912498	19165780.000000
2021-05-24	0.026255	0.009339	0.031291	0.006401	3.078506	21243780.000000
2021-05-17	0.002267	-0.002953	0.003100	-0.009136	0.262505	19848320.000000
2021-05-10	-0.023775	-0.009922	-0.008626	-0.026665	-2.851501	26005420.000000
2021-05-03	-0.006203	-0.003070	0.003975	-0.010630	-0.747498	33787780.000000
2021-04-26	0.004941	0.002000	0.011212	-0.000631	0.571999	20833000.000000
2021-04-19	0.002019	-0.002516	0.009004	-0.004315	0.232002	24688900.000000
2021-04-12	-0.013601	-0.008587	-0.004620	-0.020743	-1.554497	31317020.000000
2021-04-05	0.041071	0.007106	0.046572	0.006488	4.389999	43297500.000000
2021-03-26	-0.004309	-0.002690	0.003243	-0.014841	-0.440506	29876000.000000
2021-03-19	0.003428	0.002863	0.008290	-0.009105	0.349007	46297860.000000
2021-03-12	-0.024991	-0.014077	-0.011590	-0.031786	-2.642502	34515880.000000
2021-03-05	0.029013	0.011727	0.033683	-0.001305	2.972504	43904360.000000
2021-02-26	0.002708	0.009432	0.019519	-0.007532	0.275002	41676020.000000
2021-02-19	-0.007586	0.000978	0.006296	-0.009347	-0.803001	29152240.000000
2021-02-11	0.000243	0.001971	0.003174	-0.008619	0.025505	18913000.000000
2021-02-04	-0.003720	-0.000570	0.004096	-0.013275	-0.385002	37046580.000000
2021-01-28	0.017654	0.007183	0.037164	0.006473	1.616005	35462760.000000
2021-01-21	0.002305	0.005883	0.025417	0.000111	0.217499	41278640.000000
2021-01-13	0.004495	-0.004563	0.010584	-0.004890	0.392502	21882620.000000
2021-01-06	-0.003234	-0.021994	0.004067	-0.024079	-0.281494	52042280.000000
2020-12-29	-0.009780	0.006588	0.009206	-0.011261	-0.868500	25987900.000000
2020-12-21	0.004830	-0.010110	0.005685	-0.018492	0.417999	36567560.000000
2020-12-14	-0.012185	-0.003800	0.008767	-0.013781	-1.085503	32003460.000000
2020-12-07	-0.004655	-0.004918	0.002396	-0.012150	-0.425499	26418920.000000
2020-11-30	-0.018096	-0.006695	-0.002858	-0.021297	-1.622498	36476720.000000
2020-11-20	-0.012319	0.000731	0.005715	-0.012506	-1.086502	46273100.000000
2020-11-13	0.015533	0.004452	0.017830	-0.003023	1.359001	30011480.000000
2020-11-06	-0.000919	-0.005342	0.005138	-0.013055	-0.081001	33224500.000000
2020-10-30	0.034309	0.066914	0.076415	0.023749	2.688499	86617240.000000
2020-10-23	0.015891	0.006649	0.016733	0.003207	1.283501	27516880.000000
2020-10-16	0.008902	0.004310	0.014111	0.002482	0.694000	28702740.000000
2020-10-09	0.019712	0.005902	0.020586	0.002369	1.464500	28710840.000000
2020-10-02	-0.021254	-0.018831	-0.004624	-0.026287	-1.583504	25681420.000000
2020-09-25	0.011671	0.003039	0.015200	-0.010467	0.833504	26467500.000000
2020-09-18	-0.023764	0.001658	0.004997	-0.039050	-1.777000	62077640.000000
2020-09-11	-0.007376	0.002598	0.028185	-0.022624	-0.564995	31941740.000000
2020-09-03	-0.050015	-0.010742	-0.010742	-0.065510	-4.321999	62155260.000000
2020-08-27	-0.010924	0.000787	0.001586	-0.016116	-0.902504	37232040.000000
2020-08-20	0.022113	-0.002636	0.024775	-0.006029	1.710999	34137540.000000
2020-08-13	0.007852	0.002469	0.020330	0.000919	0.591499	29104160.000000
2020-08-06	0.017976	-0.001262	0.019530	-0.005164	1.324501	39907360.000000
2020-07-30	0.006196	-0.016439	0.010414	-0.019579	0.471504	33427920.000000
2020-07-23	-0.033669	-0.000969	0.002155	-0.038954	-2.640503	32552680.000000
2020-07-16	0.002881	-0.009011	0.003336	-0.018056	0.218002	30386900.000000
2020-07-09	0.010020	0.006985	0.017861	-0.005291	0.749496	28466440.000000
2020-07-01	0.017282	-0.001776	0.020791	-0.002681	1.221504	35503340.000000
2020-06-24	-0.022152	-0.001980	0.007518	-0.023668	-1.621994	35120440.000000
2020-06-17	0.005822	0.003078	0.011977	-0.007860	0.419998	30992300.000000
2020-06-10	0.006655	0.002321	0.012429	0.000076	0.484505	30503060.000000
2020-06-03	-0.001973	-0.000639	0.005095	-0.006561	-0.141998	25123720.000000
2020-05-27	0.000579	0.000162	0.003331	-0.018158	0.041000	33722840.000000
2020-05-19	-0.007555	0.002209	0.005824	-0.007555	-0.522751	25612980.000000
2020-05-12	-0.019611	0.002751	0.008366	-0.020303	-1.375999	27812000.000000
2020-05-05	0.018322	0.008381	0.035529	0.008034	1.215500	33030660.000000
2020-04-28	-0.033083	0.009444	0.009538	-0.034235	-2.110500	59026180.000000
2020-04-21	-0.039689	-0.015482	-0.009743	-0.044923	-2.513500	43060060.000000
2020-04-14	0.042437	0.022611	0.052983	0.015909	2.583500	49407060.000000
2020-04-06	0.081102	0.036543	0.088152	0.030113	4.452000	53294460.000000
2020-03-30	0.032511	0.012902	0.036841	-0.012812	1.805500	51481220.000000
2020-03-23	-0.014641	-0.010258	-0.000933	-0.054819	-0.785000	80882740.000000
2020-03-16	-0.111008	-0.101440	-0.055310	-0.119117	-6.770000	85047300.000000
2020-03-09	-0.063809	-0.071711	-0.033618	-0.075793	-4.142502	67307300.000000
2020-03-02	0.037168	0.009169	0.038482	-0.009344	2.488998	48629360.000000
2020-02-24	-0.042771	-0.039728	-0.032415	-0.049639	-3.176003	57341060.000000
