2022-12-30	-0.002532	-0.000069	0.002969	-0.005367	-0.358521	3835300.000000
2022-12-22	-0.011710	0.001263	0.002715	-0.018379	-1.693069	4360800.000000
2022-12-15	-0.008932	-0.003363	0.002387	-0.016713	-1.304657	5838000.000000
2022-12-08	0.001548	0.008222	0.009033	0.001327	0.229065	4504200.000000
2022-12-01	0.006233	0.005437	0.015753	-0.003291	0.942566	7577400.000000
2022-11-23	0.004812	0.010475	0.019046	0.009146	0.724289	5640200.000000
2022-11-16	0.007189	0.010892	0.026751	0.005696	1.051712	10864400.000000
2022-11-09	-0.023251	0.007672	0.010496	-0.017386	-3.294022	5310700.000000
2022-11-02	-0.006634	0.004114	0.021257	0.000842	-0.932632	5174000.000000
2022-10-26	0.007639	0.009971	0.022059	0.006085	1.061615	6918100.000000
2022-10-19	-0.002833	0.009311	0.012317	-0.000907	-0.377029	3779800.000000
2022-10-12	-0.011306	0.010467	0.023838	-0.005031	-1.488266	5649200.000000
2022-10-05	-0.009907	0.004205	0.010662	-0.005179	-1.319611	4851300.000000
2022-09-28	0.016495	0.011424	0.028665	-0.001583	2.143127	5612800.000000
2022-09-21	0.009135	0.022147	0.037317	0.015959	1.210449	8301200.000000
2022-09-14	-0.002219	0.010940	0.017648	-0.000464	-0.297653	6644900.000000
2022-09-07	0.025691	0.013367	0.035529	0.010930	3.373413	5686300.000000
2022-08-30	-0.003010	0.011373	0.013724	-0.000763	-0.396881	4822700.000000
2022-08-23	-0.004236	0.008183	0.010805	-0.002302	-0.565567	5651700.000000
2022-08-16	0.051056	0.055770	0.071199	0.050373	6.717026	30591100.000000
2022-08-09	0.009874	0.014495	0.023062	0.009100	1.244713	6441700.000000
2022-08-02	0.001056	0.016932	0.021209	0.003567	0.138306	6565000.000000
2022-07-26	-0.076049	-0.071227	-0.059265	-0.079431	-9.918266	31797200.000000
2022-07-19	0.006135	0.017147	0.021628	0.010937	0.780411	5665100.000000
2022-07-12	-0.003029	0.009530	0.025830	0.006383	-0.375374	4577400.000000
2022-07-05	0.013210	0.008806	0.027792	0.003854	1.600357	6072700.000000
2022-06-27	0.003233	0.000485	0.008244	-0.007517	0.400002	6629700.000000
2022-06-17	-0.019317	-0.004974	0.002155	-0.021970	-2.330002	12279600.000000
2022-06-10	0.005619	-0.010494	0.014213	-0.013882	0.680000	8412700.000000
2022-06-03	-0.017175	-0.006588	-0.000706	-0.018979	-2.190002	6100900.000000
2022-05-26	0.021318	0.015644	0.024560	0.008349	2.629997	9399200.000000
2022-05-19	-0.027444	-0.012742	-0.005227	-0.031283	-3.360001	23669500.000000
2022-05-12	-0.000948	0.001626	0.017139	-0.007452	-0.139999	8414800.000000
2022-05-05	-0.008568	-0.002726	-0.001493	-0.017266	-1.319992	7744800.000000
2022-04-28	0.012772	0.010077	0.021464	0.002724	1.962875	4985300.000000
2022-04-21	0.001503	0.005458	0.010802	0.000114	0.239120	6056100.000000
2022-04-13	0.026039	0.005076	0.033502	0.004421	3.975555	9761500.000000
2022-04-06	0.023239	0.000653	0.029807	-0.002792	3.507248	9339500.000000
2022-03-30	0.017931	0.002953	0.023744	0.002340	2.630447	8330500.000000
2022-03-23	-0.012865	-0.000971	0.003146	-0.012278	-1.843307	6541800.000000
2022-03-16	-0.002950	0.004821	0.015534	-0.006859	-0.426773	8205300.000000
2022-03-09	0.005189	0.016667	0.018410	0.003159	0.714615	7374300.000000
2022-03-02	0.001250	0.005072	0.013740	0.001516	0.168747	7954600.000000
2022-02-23	-0.010260	0.010544	0.012981	-0.004371	-1.389557	7010300.000000
2022-02-15	0.003136	0.013459	0.020454	0.006313	0.416870	7274800.000000
2022-02-08	0.000217	0.010146	0.016864	0.004230	0.029770	6486300.000000
2022-02-01	0.007868	0.003193	0.017173	0.001608	1.091812	6774400.000000
2022-01-25	-0.021755	0.006008	0.008738	-0.016845	-3.027237	9826500.000000
2022-01-18	-0.017510	0.003002	0.005016	-0.012834	-2.521042	7041300.000000
2022-01-10	-0.001932	0.011341	0.012384	-0.004791	-0.277908	7577200.000000
2022-01-03	-0.000276	0.002712	0.008213	-0.004182	-0.039703	6902200.000000
2021-12-27	0.009105	0.008311	0.017484	0.008095	1.260513	5346900.000000
2021-12-17	-0.032022	0.003370	0.011804	-0.027276	-4.555740	26193700.000000
2021-12-10	0.018267	0.006353	0.027885	0.000751	2.511124	12858500.000000
2021-12-03	0.015059	0.014485	0.029569	0.010229	2.016663	14714200.000000
2021-11-26	-0.011191	0.010883	0.020824	-0.003061	-1.621231	7013200.000000
2021-11-18	0.008595	0.012999	0.021194	0.003876	1.206039	8131400.000000
2021-11-11	0.000404	0.013822	0.015321	0.009870	0.059311	4534400.000000
2021-11-04	0.007325	0.011573	0.022822	0.009216	1.087418	5049700.000000
2021-10-28	0.006236	0.017127	0.021516	0.012808	0.909470	4199500.000000
2021-10-21	0.005548	0.015592	0.017948	0.010257	0.800735	4651500.000000
2021-10-14	0.010840	0.012524	0.024001	0.012524	1.482819	6594500.000000
2021-10-07	0.011772	0.020100	0.034213	0.019953	1.601471	7022700.000000
2021-09-30	-0.007548	0.013014	0.020865	0.003002	-1.047882	7485900.000000
2021-09-23	0.000561	0.015331	0.018237	0.009872	0.079086	5195100.000000
2021-09-16	0.003321	0.010803	0.016892	0.005555	0.474487	6142800.000000
2021-09-09	-0.007053	0.011573	0.012602	0.000460	-1.028122	7442900.000000
2021-09-01	-0.002161	0.007885	0.010412	0.001123	-0.316345	6352200.000000
2021-08-25	0.000403	0.008244	0.014155	0.005663	0.059311	7307100.000000
2021-08-18	-0.010617	0.010566	0.024126	0.000296	-1.581680	9403900.000000
2021-08-11	0.008945	0.020964	0.035099	0.018574	1.309967	13818600.000000
2021-08-04	-0.006814	0.012190	0.016143	0.007671	-0.965256	5100500.000000
2021-07-28	-0.004066	0.014157	0.019638	0.008320	-0.571243	4690500.000000
2021-07-21	-0.004934	0.019804	0.020091	0.006994	-0.689453	6197300.000000
2021-07-14	0.006900	0.016235	0.024107	0.009879	0.955383	6270700.000000
2021-07-07	-0.001644	0.013990	0.024365	0.011088	-0.226532	8535800.000000
2021-06-29	-0.005793	0.013825	0.018016	0.008900	-0.787949	11987500.000000
2021-06-22	0.004619	0.014030	0.025121	0.014030	0.620499	6369000.000000
2021-06-15	-0.003984	0.017318	0.017824	0.008795	-0.551575	6442400.000000
2021-06-08	-0.007594	0.012486	0.015296	0.007442	-1.053864	6706900.000000
2021-06-01	-0.002605	0.016582	0.020800	0.009863	-0.364441	6922500.000000
2021-05-24	0.000070	0.015367	0.020095	0.012502	0.009827	6315300.000000
2021-05-17	-0.004516	0.018789	0.021699	0.009838	-0.620514	6558600.000000
2021-05-10	0.004422	0.017106	0.028910	0.016092	0.610657	8769200.000000
2021-05-03	0.015796	0.017607	0.039900	0.017607	2.168182	9046500.000000
2021-04-26	-0.014224	0.019356	0.020012	0.002817	-1.952332	7615400.000000
2021-04-19	-0.006401	0.016963	0.018993	0.012034	-0.882965	6427000.000000
2021-04-12	0.000143	0.021398	0.023658	0.016075	0.019638	6241000.000000
2021-04-05	0.028093	0.027550	0.053404	0.023642	3.737930	13347700.000000
2021-03-26	0.008358	0.019207	0.028334	0.014795	1.098816	9551200.000000
2021-03-19	0.013307	0.020224	0.038805	0.018421	1.697289	19234500.000000
2021-03-12	0.015061	0.026560	0.042053	0.023151	1.944214	9479200.000000
2021-03-05	0.012468	0.017921	0.041356	0.017278	1.553421	11357900.000000
2021-02-26	-0.015384	0.019893	0.022453	0.007327	-1.983292	14156900.000000
2021-02-19	0.004939	0.024580	0.036625	0.023613	0.664322	12202000.000000
2021-02-11	-0.000763	0.023610	0.029362	0.020556	-0.107452	4263800.000000
2021-02-04	0.009420	0.027816	0.037892	0.023974	1.299469	5782100.000000
2021-01-28	-0.000626	0.027951	0.040759	0.022044	-0.087936	7433900.000000
2021-01-21	-0.004536	0.022484	0.025086	0.014394	-0.644836	4775300.000000
2021-01-13	-0.010203	0.022027	0.024226	0.012958	-1.485031	5356500.000000
2021-01-06	0.006244	0.018904	0.040042	0.018342	0.889069	7306300.000000
2020-12-29	-0.006335	0.026499	0.027979	0.012050	-0.898834	5979400.000000
2020-12-21	0.000137	0.020383	0.028588	0.017297	0.019577	8517700.000000
2020-12-14	-0.009184	0.028413	0.028552	0.012398	-1.318954	8362700.000000
2020-12-07	-0.005372	0.024176	0.027832	0.015207	-0.778748	6159700.000000
2020-11-30	0.007849	0.027280	0.036428	0.017116	1.158356	10898500.000000
2020-11-20	-0.012359	0.020865	0.031602	0.011680	-1.830063	7312400.000000
2020-11-13	0.015584	0.032201	0.046061	0.022360	2.248642	6579400.000000
2020-11-06	0.016031	0.033653	0.046971	0.027853	2.238892	5399500.000000
2020-10-30	-0.008362	0.021847	0.028528	0.008558	-1.138916	6200600.000000
2020-10-23	0.002090	0.030286	0.031502	0.022271	0.292038	3513500.000000
2020-10-16	0.001246	0.033464	0.038795	0.026854	0.175262	5645000.000000
2020-10-09	0.010045	0.029460	0.041669	0.028733	1.382309	4831600.000000
2020-10-02	-0.018032	0.021967	0.027424	0.006100	-2.511505	8195000.000000
2020-09-25	0.004170	0.025927	0.033592	0.021719	0.554871	7539600.000000
2020-09-18	-0.010242	0.025401	0.033593	0.012700	-1.362839	18236400.000000
2020-09-11	-0.000804	0.029082	0.039520	0.017819	-0.107056	9626600.000000
2020-09-03	-0.021262	0.020463	0.040636	-0.013552	-3.056595	16005000.000000
2020-08-27	0.045371	0.030267	0.095268	0.028852	5.772552	39672900.000000
2020-08-20	-0.013896	0.017970	0.024642	0.008970	-1.791168	8936900.000000
2020-08-13	0.003807	0.026185	0.032051	0.022431	0.486740	6622400.000000
2020-08-06	-0.003543	0.026100	0.034841	0.025305	-0.445923	4832100.000000
2020-07-30	-0.004362	0.021480	0.029372	0.015955	-0.552605	4596100.000000
2020-07-23	-0.007689	0.034147	0.035313	0.021006	-0.988869	5598800.000000
2020-07-16	0.001515	0.031894	0.037208	0.025564	0.193916	5892200.000000
2020-07-09	0.026599	0.041202	0.062505	0.035731	3.208908	14257200.000000
2020-07-01	-0.000751	0.028662	0.032709	0.021858	-0.087234	6577900.000000
2020-06-24	-0.006360	0.028692	0.031929	0.018809	-0.746490	6871600.000000
2020-06-17	-0.005182	0.033314	0.035641	0.020727	-0.601089	6722300.000000
2020-06-10	-0.001566	0.033288	0.041279	0.029633	-0.184189	9380500.000000
2020-06-03	-0.003792	0.031170	0.031919	0.020850	-0.455650	6754300.000000
2020-05-27	-0.011142	0.032419	0.036750	0.007935	-1.337860	10357900.000000
2020-05-19	-0.021228	0.064551	0.066490	0.008475	-2.627213	24915400.000000
2020-05-12	0.000890	0.038259	0.048102	0.032421	0.106651	6366700.000000
2020-05-05	0.008327	0.036878	0.049106	0.032356	0.994164	6445800.000000
2020-04-28	-0.002338	0.035879	0.051707	0.031196	-0.289566	6910700.000000
2020-04-21	-0.004929	0.037796	0.045456	0.022557	-0.617729	9300200.000000
2020-04-14	0.029529	0.050924	0.073166	0.042159	3.571274	11366300.000000
2020-04-06	0.055156	0.032399	0.095959	0.031358	6.360741	15922900.000000
2020-03-30	0.051196	0.057597	0.094849	0.048899	5.414848	9737500.000000
2020-03-23	0.002720	0.037859	0.068494	0.020042	0.299210	13122000.000000
2020-03-16	-0.064329	-0.040546	0.015362	-0.069730	-7.053444	12251300.000000
2020-03-09	-0.000597	0.010355	0.070806	0.000679	-0.067284	19747800.000000
2020-03-02	0.076151	0.039852	0.124895	0.036856	7.879868	17074200.000000
2020-02-24	-0.019059	0.030796	0.039572	0.017545	-2.171768	6616000.000000
